function [x, y] = generateData
% GENERATEDATA will return vectors with values of x and y from the task

x = [-5, -4, -3, -2, -1, 0, 1, 2, 3, 4, 5];
y = [17.0255, 12.5361, 6.5452, 2.6381, 0.8754, -0.5799, -0.5217, 0.5796, 4.8296, 11.6793, 18.5855];
end

